	x		f(x)		f'(x)		f"(x)		f'(x)		f"(x)
      0.00	         0.00	         0.00	         0.00	         0.00	         0.00
      0.01	         1.02	         2.03	         3.04	         2.05	         3.06
      0.02	         1.04	         2.06	         3.08	         2.08	         3.10
      0.03	         1.06	         2.09	         3.12	         2.11	         3.14
      0.04	         1.08	         2.12	         3.16	         2.14	         3.19
      0.05	         1.10	         2.16	         3.21	         2.17	         3.23
      0.06	         1.13	         2.19	         3.25	         2.20	         3.27
      0.07	         1.15	         2.22	         3.29	         2.24	         3.31
      0.08	         1.17	         2.25	         3.34	         2.27	         3.36
      0.09	         1.19	         2.29	         3.38	         2.30	         3.40
      0.10	         1.22	         2.32	         3.43	         2.34	         3.45
      0.11	         1.24	         2.36	         3.47	         2.37	         3.49
      0.12	         1.26	         2.39	         3.52	         2.41	         3.54
      0.13	         1.29	         2.43	         3.56	         2.44	         3.59
      0.14	         1.31	         2.46	         3.61	         2.48	         3.64
      0.15	         1.34	         2.50	         3.66	         2.52	         3.68
      0.16	         1.36	         2.53	         3.71	         2.55	         3.73
      0.17	         1.39	         2.57	         3.76	         2.59	         3.78
      0.18	         1.41	         2.61	         3.81	         2.63	         3.83
      0.19	         1.44	         2.65	         3.86	         2.67	         3.88
      0.20	         1.47	         2.69	         3.91	         2.71	         3.93
      0.21	         1.49	         2.73	         3.96	         2.75	         3.99
      0.22	         1.52	         2.77	         4.01	         2.79	         4.04
      0.23	         1.55	         2.81	         4.07	         2.83	         4.09
      0.24	         1.58	         2.85	         4.12	         2.87	         4.15
      0.25	         1.61	         2.89	         4.17	         2.91	         4.20
      0.26	         1.63	         2.93	         4.23	         2.95	         4.26
      0.27	         1.66	         2.97	         4.28	         3.00	         4.31
      0.28	         1.69	         3.02	         4.34	         3.04	         4.37
      0.29	         1.72	         3.06	         4.40	         3.08	         4.43
      0.30	         1.75	         3.10	         4.45	         3.13	         4.48
      0.31	         1.79	         3.15	         4.51	         3.17	         4.54
      0.32	         1.82	         3.19	         4.57	         3.22	         4.60
      0.33	         1.85	         3.24	         4.63	         3.26	         4.66
      0.34	         1.88	         3.29	         4.69	         3.31	         4.72
      0.35	         1.92	         3.33	         4.75	         3.36	         4.78
      0.36	         1.95	         3.38	         4.82	         3.41	         4.85
      0.37	         1.98	         3.43	         4.88	         3.46	         4.91
      0.38	         2.02	         3.48	         4.94	         3.51	         4.97
      0.39	         2.05	         3.53	         5.01	         3.56	         5.04
      0.40	         2.09	         3.58	         5.07	         3.61	         5.11
      0.41	         2.12	         3.63	         5.14	         3.66	         5.17
      0.42	         2.16	         3.68	         5.21	         3.71	         5.24
      0.43	         2.20	         3.74	         5.27	         3.76	         5.31
      0.44	         2.24	         3.79	         5.34	         3.82	         5.38
      0.45	         2.27	         3.84	         5.41	         3.87	         5.45
      0.46	         2.31	         3.90	         5.48	         3.92	         5.52
      0.47	         2.35	         3.95	         5.55	         3.98	         5.59
      0.48	         2.39	         4.01	         5.62	         4.04	         5.66
      0.49	         2.43	         4.06	         5.70	         4.09	         5.73
      0.50	         2.47	         4.12	         5.77	         4.15	         5.81
      0.51	         2.51	         4.18	         5.85	         4.21	         5.88
      0.52	         2.56	         4.24	         5.92	         4.27	         5.96
      0.53	         2.60	         4.30	         6.00	         4.33	         6.04
      0.54	         2.64	         4.36	         6.07	         4.39	         6.11
      0.55	         2.69	         4.42	         6.15	         4.45	         6.19
      0.56	         2.73	         4.48	         6.23	         4.51	         6.27
      0.57	         2.78	         4.54	         6.31	         4.58	         6.35
      0.58	         2.82	         4.61	         6.39	         4.64	         6.44
      0.59	         2.87	         4.67	         6.48	         4.70	         6.52
      0.60	         2.92	         4.74	         6.56	         4.77	         6.60
      0.61	         2.96	         4.80	         6.64	         4.84	         6.69
      0.62	         3.01	         4.87	         6.73	         4.90	         6.77
      0.63	         3.06	         4.94	         6.82	         4.97	         6.86
      0.64	         3.11	         5.01	         6.90	         5.04	         6.95
      0.65	         3.16	         5.08	         6.99	         5.11	         7.04
      0.66	         3.21	         5.15	         7.08	         5.18	         7.13
      0.67	         3.26	         5.22	         7.17	         5.25	         7.22
      0.68	         3.32	         5.29	         7.26	         5.33	         7.31
      0.69	         3.37	         5.36	         7.36	         5.40	         7.40
      0.70	         3.42	         5.44	         7.45	         5.47	         7.50
      0.71	         3.48	         5.51	         7.55	         5.55	         7.59
      0.72	         3.53	         5.59	         7.64	         5.63	         7.69
      0.73	         3.59	         5.66	         7.74	         5.70	         7.79
      0.74	         3.65	         5.74	         7.84	         5.78	         7.89
      0.75	         3.70	         5.82	         7.94	         5.86	         7.99
      0.76	         3.76	         5.90	         8.04	         5.94	         8.09
      0.77	         3.82	         5.98	         8.14	         6.02	         8.19
      0.78	         3.88	         6.06	         8.25	         6.11	         8.30
      0.79	         3.94	         6.15	         8.35	         6.19	         8.40
      0.80	         4.01	         6.23	         8.46	         6.27	         8.51
      0.81	         4.07	         6.32	         8.56	         6.36	         8.62
      0.82	         4.13	         6.40	         8.67	         6.45	         8.73
      0.83	         4.20	         6.49	         8.78	         6.53	         8.84
      0.84	         4.26	         6.58	         8.89	         6.62	         8.95
      0.85	         4.33	         6.67	         9.01	         6.71	         9.06
      0.86	         4.40	         6.76	         9.12	         6.80	         9.18
      0.87	         4.46	         6.85	         9.24	         6.90	         9.30
      0.88	         4.53	         6.94	         9.35	         6.99	         9.41
      0.89	         4.60	         7.04	         9.47	         7.09	         9.53
      0.90	         4.67	         7.13	         9.59	         7.18	         9.65
      0.91	         4.75	         7.23	         9.71	         7.28	         9.77
      0.92	         4.82	         7.33	         9.84	         7.38	         9.90
      0.93	         4.89	         7.43	         9.96	         7.48	        10.02
      0.94	         4.97	         7.53	        10.09	         7.58	        10.15
      0.95	         5.04	         7.63	        10.21	         7.68	        10.28
      0.96	         5.12	         7.73	        10.34	         7.78	        10.41
      0.97	         5.20	         7.83	        10.47	         7.89	        10.54
      0.98	         5.28	         7.94	        10.60	         7.99	        10.67
      0.99	         5.36	         8.05	        10.74	         8.10	        10.81
      1.00	         5.44	         8.15	        10.87	         8.21	        10.94
      1.01	         5.52	         8.26	        11.01	         8.32	        11.08
      1.02	         5.60	         8.38	        11.15	         8.43	        11.22
      1.03	         5.69	         8.49	        11.29	         8.54	        11.36
      1.04	         5.77	         8.60	        11.43	         8.66	        11.50
      1.05	         5.86	         8.72	        11.57	         8.77	        11.65
      1.06	         5.95	         8.83	        11.72	         8.89	        11.79
      1.07	         6.03	         8.95	        11.87	         9.01	        11.94
      1.08	         6.12	         9.07	        12.01	         9.13	        12.09
      1.09	         6.22	         9.19	        12.16	         9.25	        12.24
      1.10	         6.31	         9.31	        12.32	         9.37	        12.39
      1.11	         6.40	         9.44	        12.47	         9.50	        12.55
      1.12	         6.50	         9.56	        12.63	         9.63	        12.71
      1.13	         6.59	         9.69	        12.79	         9.75	        12.86
      1.14	         6.69	         9.82	        12.94	         9.88	        13.03
      1.15	         6.79	         9.95	        13.11	        10.01	        13.19
      1.16	         6.89	        10.08	        13.27	        10.15	        13.35
      1.17	         6.99	        10.21	        13.44	        10.28	        13.52
      1.18	         7.09	        10.35	        13.60	        10.42	        13.69
      1.19	         7.20	        10.49	        13.77	        10.55	        13.86
      1.20	         7.30	        10.62	        13.94	        10.69	        14.03
      1.21	         7.41	        10.76	        14.12	        10.84	        14.21
      1.22	         7.52	        10.91	        14.29	        10.98	        14.38
      1.23	         7.63	        11.05	        14.47	        11.12	        14.56
      1.24	         7.74	        11.20	        14.65	        11.27	        14.74
      1.25	         7.85	        11.34	        14.83	        11.42	        14.93
      1.26	         7.97	        11.49	        15.02	        11.57	        15.11
      1.27	         8.08	        11.64	        15.20	        11.72	        15.30
      1.28	         8.20	        11.80	        15.39	        11.87	        15.49
      1.29	         8.32	        11.95	        15.58	        12.03	        15.68
      1.30	         8.44	        12.11	        15.78	        12.19	        15.88
      1.31	         8.56	        12.27	        15.97	        12.35	        16.07
      1.32	         8.68	        12.43	        16.17	        12.51	        16.27
      1.33	         8.81	        12.59	        16.37	        12.67	        16.47
      1.34	         8.94	        12.76	        16.57	        12.84	        16.68
      1.35	         9.06	        12.92	        16.78	        13.01	        16.88
      1.36	         9.20	        13.09	        16.99	        13.18	        17.09
      1.37	         9.33	        13.26	        17.20	        13.35	        17.30
      1.38	         9.46	        13.44	        17.41	        13.52	        17.52
      1.39	         9.60	        13.61	        17.63	        13.70	        17.73
      1.40	         9.73	        13.79	        17.84	        13.88	        17.95
      1.41	         9.87	        13.97	        18.06	        14.06	        18.17
      1.42	        10.01	        14.15	        18.29	        14.24	        18.40
      1.43	        10.15	        14.33	        18.51	        14.43	        18.63
      1.44	        10.30	        14.52	        18.74	        14.61	        18.86
      1.45	        10.44	        14.71	        18.97	        14.80	        19.09
      1.46	        10.59	        14.90	        19.20	        14.99	        19.32
      1.47	        10.74	        15.09	        19.44	        15.19	        19.56
      1.48	        10.89	        15.29	        19.68	        15.39	        19.80
      1.49	        11.05	        15.49	        19.92	        15.59	        20.04
      1.50	        11.20	        15.69	        20.17	        15.79	        20.29
      1.51	        11.36	        15.89	        20.42	        15.99	        20.54
      1.52	        11.52	        16.09	        20.67	        16.20	        20.79
      1.53	        11.68	        16.30	        20.92	        16.41	        21.05
      1.54	        11.85	        16.51	        21.18	        16.62	        21.31
      1.55	        12.01	        16.73	        21.44	        16.83	        21.57
      1.56	        12.18	        16.94	        21.70	        17.05	        21.83
      1.57	        12.35	        17.16	        21.97	        17.27	        22.10
      1.58	        12.53	        17.38	        22.24	        17.49	        22.37
      1.59	        12.70	        17.60	        22.51	        17.72	        22.65
      1.60	        12.88	        17.83	        22.78	        17.95	        22.92
      1.61	        13.06	        18.06	        23.06	        18.18	        23.20
      1.62	        13.24	        18.29	        23.35	        18.41	        23.49
      1.63	        13.42	        18.53	        23.63	        18.65	        23.78
      1.64	        13.61	        18.76	        23.92	        18.88	        24.07
      1.65	        13.80	        19.01	        24.21	        19.13	        24.36
      1.66	        13.99	        19.25	        24.51	        19.37	        24.66
      1.67	        14.18	        19.50	        24.81	        19.62	        24.96
      1.68	        14.38	        19.75	        25.11	        19.87	        25.26
      1.69	        14.58	        20.00	        25.42	        20.13	        25.57
      1.70	        14.78	        20.25	        25.73	        20.38	        25.88
      1.71	        14.98	        20.51	        26.04	        20.64	        26.20
      1.72	        15.19	        20.77	        26.36	        20.91	        26.52
      1.73	        15.40	        21.04	        26.68	        21.17	        26.84
      1.74	        15.61	        21.31	        27.01	        21.44	        27.17
      1.75	        15.83	        21.58	        27.33	        21.72	        27.50
      1.76	        16.04	        21.85	        27.67	        21.99	        27.84
      1.77	        16.26	        22.13	        28.00	        22.27	        28.17
      1.78	        16.48	        22.41	        28.34	        22.56	        28.52
      1.79	        16.71	        22.70	        28.69	        22.84	        28.86
      1.80	        16.94	        22.99	        29.04	        23.13	        29.21
      1.81	        17.17	        23.28	        29.39	        23.43	        29.57
      1.82	        17.40	        23.58	        29.75	        23.73	        29.93
      1.83	        17.64	        23.88	        30.11	        24.03	        30.29
      1.84	        17.88	        24.18	        30.48	        24.33	        30.66
      1.85	        18.13	        24.49	        30.85	        24.64	        31.03
      1.86	        18.37	        24.80	        31.22	        24.95	        31.41
      1.87	        18.62	        25.11	        31.60	        25.27	        31.79
      1.88	        18.87	        25.43	        31.98	        25.59	        32.17
      1.89	        19.13	        25.75	        32.37	        25.91	        32.56
      1.90	        19.39	        26.07	        32.76	        26.24	        32.96
      1.91	        19.65	        26.40	        33.16	        26.57	        33.36
      1.92	        19.92	        26.74	        33.56	        26.91	        33.76
      1.93	        20.19	        27.08	        33.97	        27.25	        34.17
      1.94	        20.46	        27.42	        34.38	        27.59	        34.58
      1.95	        20.73	        27.76	        34.79	        27.94	        35.00
      1.96	        21.01	        28.11	        35.21	        28.29	        35.42
      1.97	        21.30	        28.47	        35.64	        28.65	        35.85
      1.98	        21.58	        28.83	        36.07	        29.01	        36.29
      1.99	        21.87	        29.19	        36.50	        29.37	        36.72
      2.00	        22.17	        29.56	        36.95	        29.74	        37.17
      2.01	        22.46	        29.93	        37.39	        30.12	        37.62
      2.02	        22.77	        30.30	        37.84	        30.49	        38.07
      2.03	        23.07	        30.68	        38.30	        30.88	        38.53
      2.04	        23.38	        31.07	        38.76	        31.26	        38.99
      2.05	        23.69	        31.46	        39.23	        31.66	        39.46
      2.06	        24.01	        31.85	        39.70	        32.05	        39.94
      2.07	        24.33	        32.25	        40.18	        32.46	        40.42
      2.08	        24.65	        32.66	        40.66	        32.86	        40.91
      2.09	        24.98	        33.07	        41.15	        33.27	        41.40
      2.10	        25.32	        33.48	        41.65	        33.69	        41.90
      2.11	        25.65	        33.90	        42.15	        34.11	        42.40
      2.12	        25.99	        34.32	        42.66	        34.54	        42.91
      2.13	        26.34	        34.75	        43.17	        34.97	        43.43
      2.14	        26.69	        35.19	        43.69	        35.41	        43.95
      2.15	        27.04	        35.63	        44.21	        35.85	        44.48
      2.16	        27.40	        36.07	        44.74	        36.30	        45.01
      2.17	        27.76	        36.52	        45.28	        36.75	        45.55
      2.18	        28.13	        36.98	        45.82	        37.21	        46.10
      2.19	        28.50	        37.44	        46.37	        37.67	        46.65
      2.20	        28.88	        37.90	        46.93	        38.14	        47.21
      2.21	        29.26	        38.38	        47.49	        38.62	        47.78
      2.22	        29.65	        38.85	        48.06	        39.10	        48.35
      2.23	        30.04	        39.34	        48.64	        39.58	        48.93
      2.24	        30.43	        39.83	        49.22	        40.07	        49.51
      2.25	        30.84	        40.32	        49.81	        40.57	        50.11
      2.26	        31.24	        40.82	        50.41	        41.08	        50.71
      2.27	        31.65	        41.33	        51.01	        41.59	        51.31
      2.28	        32.07	        41.84	        51.62	        42.10	        51.93
      2.29	        32.49	        42.36	        52.24	        42.63	        52.55
      2.30	        32.91	        42.89	        52.86	        43.15	        53.18
      2.31	        33.35	        43.42	        53.50	        43.69	        53.81
      2.32	        33.78	        43.96	        54.13	        44.23	        54.46
      2.33	        34.23	        44.50	        54.78	        44.78	        55.11
      2.34	        34.67	        45.05	        55.44	        45.33	        55.77
      2.35	        35.13	        45.61	        56.10	        45.89	        56.43
      2.36	        35.59	        46.18	        56.77	        46.46	        57.11
      2.37	        36.05	        46.75	        57.44	        47.04	        57.79
      2.38	        36.52	        47.33	        58.13	        47.62	        58.48
      2.39	        37.00	        47.91	        58.82	        48.21	        59.17
      2.40	        37.48	        48.50	        59.53	        48.80	        59.88
      2.41	        37.97	        49.10	        60.23	        49.40	        60.59
      2.42	        38.46	        49.71	        60.95	        50.01	        61.32
      2.43	        38.96	        50.32	        61.68	        50.63	        62.04
      2.44	        39.47	        50.94	        62.41	        51.25	        62.78
      2.45	        39.98	        51.57	        63.16	        51.89	        63.53
      2.46	        40.50	        52.20	        63.91	        52.52	        64.29
      2.47	        41.02	        52.85	        64.67	        53.17	        65.05
      2.48	        41.56	        53.50	        65.44	        53.83	        65.83
      2.49	        42.09	        54.16	        66.22	        54.49	        66.61
      2.50	        42.64	        54.82	        67.00	        55.16	        67.40
      2.51	        43.19	        55.50	        67.80	        55.84	        68.20
      2.52	        43.75	        56.18	        68.61	        56.52	        69.01
      2.53	        44.31	        56.87	        69.42	        57.22	        69.83
      2.54	        44.89	        57.57	        70.25	        57.92	        70.66
      2.55	        45.47	        58.27	        71.08	        58.63	        71.50
      2.56	        46.05	        58.99	        71.92	        59.35	        72.35
      2.57	        46.64	        59.71	        72.78	        60.08	        73.21
      2.58	        47.25	        60.44	        73.64	        60.81	        74.08
      2.59	        47.85	        61.18	        74.51	        61.56	        74.95
      2.60	        48.47	        61.93	        75.40	        62.31	        75.84
      2.61	        49.09	        62.69	        76.29	        63.07	        76.74
      2.62	        49.72	        63.46	        77.19	        63.85	        77.65
      2.63	        50.36	        64.24	        78.11	        64.63	        78.57
      2.64	        51.01	        65.02	        79.03	        65.42	        79.50
      2.65	        51.66	        65.82	        79.97	        66.22	        80.44
      2.66	        52.32	        66.62	        80.92	        67.03	        81.39
      2.67	        52.99	        67.43	        81.87	        67.85	        82.36
      2.68	        53.67	        68.26	        82.84	        68.67	        83.33
      2.69	        54.36	        69.09	        83.82	        69.51	        84.32
      2.70	        55.05	        69.93	        84.81	        70.36	        85.31
      2.71	        55.76	        70.79	        85.82	        71.22	        86.32
      2.72	        56.47	        71.65	        86.83	        72.09	        87.34
      2.73	        57.19	        72.52	        87.86	        72.97	        88.38
      2.74	        57.92	        73.41	        88.90	        73.85	        89.42
      2.75	        58.66	        74.30	        89.94	        74.75	        90.47
      2.76	        59.41	        75.21	        91.01	        75.66	        91.54
      2.77	        60.16	        76.12	        92.08	        76.58	        92.62
      2.78	        60.93	        77.05	        93.17	        77.52	        93.72
      2.79	        61.70	        77.99	        94.27	        78.46	        94.82
      2.80	        62.49	        78.93	        95.38	        79.41	        95.94
      2.81	        63.28	        79.89	        96.50	        80.38	        97.07
      2.82	        64.09	        80.86	        97.64	        81.35	        98.22
      2.83	        64.90	        81.85	        98.79	        82.34	        99.37
      2.84	        65.72	        82.84	        99.96	        83.34	       100.54
      2.85	        66.56	        83.85	       101.13	        84.35	       101.73
      2.86	        67.40	        84.86	       102.32	        85.38	       102.93
      2.87	        68.26	        85.89	       103.53	        86.41	       104.14
      2.88	        69.12	        86.93	       104.75	        87.46	       105.36
      2.89	        69.99	        87.99	       105.98	        88.52	       106.60
      2.90	        70.88	        89.05	       107.23	        89.59	       107.86
      2.91	        71.77	        90.13	       108.49	        90.68	       109.12
      2.92	        72.68	        91.22	       109.76	        91.77	       110.41
      2.93	        73.60	        92.33	       111.05	        92.88	       111.71
      2.94	        74.53	        93.44	       112.36	        94.01	       113.02
      2.95	        75.47	        94.57	       113.68	        95.14	       114.35
      2.96	        76.42	        95.72	       115.02	        96.29	       115.69
      2.97	        77.38	        96.87	       116.37	        97.46	       117.05
      2.98	        78.36	        98.05	       117.73	        98.64	       118.42
      2.99	        79.34	        99.23	       119.11	        99.83	       119.81
      3.00	        80.34	       100.43	       120.51	       101.03	       121.22
      3.01	        81.35	       101.64	       121.93	       102.25	       122.64
      3.02	        82.37	       102.87	       123.36	       103.49	       124.08
      3.03	        83.41	       104.11	       124.80	       104.73	       125.53
      3.04	        84.46	       105.36	       126.27	       106.00	       127.01
      3.05	        85.52	       106.63	       127.75	       107.27	       128.50
      3.06	        86.59	       107.92	       129.24	       108.57	       130.00
      3.07	        87.68	       109.22	       130.76	       109.87	       131.52
      3.08	        88.77	       110.53	       132.29	       111.20	       133.06
      3.09	        89.89	       111.86	       133.84	       112.54	       134.62
      3.10	        91.01	       113.21	       135.41	       113.89	       136.20
      3.11	        92.15	       114.57	       136.99	       115.26	       137.79
      3.12	        93.30	       115.95	       138.60	       116.64	       139.40
      3.13	        94.47	       117.34	       140.22	       118.05	       141.04
      3.14	        95.65	       118.75	       141.86	       119.47	       142.69
      3.15	        96.84	       120.18	       143.52	       120.90	       144.35
      3.16	        98.05	       121.62	       145.19	       122.35	       146.04
      3.17	        99.28	       123.08	       146.89	       123.82	       147.75
      3.18	       100.52	       124.56	       148.61	       125.31	       149.48
      3.19	       101.77	       126.06	       150.34	       126.81	       151.22
      3.20	       103.04	       127.57	       152.10	       128.33	       152.99
      3.21	       104.32	       129.10	       153.88	       129.87	       154.77
      3.22	       105.62	       130.65	       155.67	       131.43	       156.58
      3.23	       106.93	       132.21	       157.49	       133.00	       158.41
      3.24	       108.26	       133.80	       159.33	       134.60	       160.26
      3.25	       109.61	       135.40	       161.19	       136.21	       162.13
      3.26	       110.97	       137.02	       163.07	       137.84	       164.02
      3.27	       112.35	       138.66	       164.97	       139.49	       165.93
      3.28	       113.74	       140.32	       166.90	       141.16	       167.87
      3.29	       115.16	       142.00	       168.84	       142.85	       169.82
      3.30	       116.58	       143.70	       170.81	       144.55	       171.80
      3.31	       118.03	       145.41	       172.80	       146.28	       173.80
      3.32	       119.49	       147.15	       174.81	       148.03	       175.83
      3.33	       120.97	       148.91	       176.85	       149.80	       177.88
      3.34	       122.47	       150.69	       178.91	       151.59	       179.95
      3.35	       123.99	       152.49	       180.99	       153.40	       182.04
      3.36	       125.52	       154.31	       183.10	       155.23	       184.16
      3.37	       127.07	       156.15	       185.23	       157.08	       186.31
      3.38	       128.64	       158.01	       187.38	       158.96	       188.47
      3.39	       130.23	       159.90	       189.56	       160.85	       190.66
      3.40	       131.84	       161.81	       191.77	       162.77	       192.88
      3.41	       133.47	       163.73	       194.00	       164.71	       195.13
      3.42	       135.12	       165.69	       196.26	       166.67	       197.39
      3.43	       136.78	       167.66	       198.54	       168.66	       199.69
      3.44	       138.47	       169.66	       200.84	       170.66	       202.01
      3.45	       140.18	       171.68	       203.18	       172.70	       204.36
      3.46	       141.90	       173.72	       205.54	       174.75	       206.73
      3.47	       143.65	       175.79	       207.92	       176.83	       209.13
      3.48	       145.42	       177.88	       210.34	       178.93	       211.56
      3.49	       147.21	       179.99	       212.78	       181.06	       214.01
      3.50	       149.02	       182.13	       215.25	       183.22	       216.50
      3.51	       150.85	       184.30	       217.75	       185.39	       219.01
      3.52	       152.71	       186.49	       220.27	       187.59	       221.55
      3.53	       154.58	       188.70	       222.83	       189.82	       224.12
      3.54	       156.48	       190.95	       225.41	       192.08	       226.72
      3.55	       158.40	       193.21	       228.03	       194.36	       229.34
      3.56	       160.34	       195.51	       230.67	       196.66	       232.00
      3.57	       162.31	       197.83	       233.34	       199.00	       234.69
      3.58	       164.30	       200.17	       236.05	       201.36	       237.41
      3.59	       166.31	       202.55	       238.78	       203.75	       240.16
      3.60	       168.35	       204.95	       241.55	       206.16	       242.94
      3.61	       170.41	       207.38	       244.34	       208.61	       245.76
      3.62	       172.50	       209.84	       247.17	       211.08	       248.60
      3.63	       174.61	       212.32	       250.04	       213.58	       251.48
      3.64	       176.75	       214.84	       252.93	       216.11	       254.39
      3.65	       178.91	       217.38	       255.86	       218.67	       257.33
      3.66	       181.09	       219.95	       258.82	       221.25	       260.31
      3.67	       183.31	       222.56	       261.81	       223.87	       263.32
      3.68	       185.54	       225.19	       264.84	       226.52	       266.36
      3.69	       187.81	       227.85	       267.90	       229.20	       269.45
      3.70	       190.10	       230.55	       271.00	       231.91	       272.56
      3.71	       192.42	       233.27	       274.13	       234.65	       275.71
      3.72	       194.77	       236.03	       277.30	       237.42	       278.89
      3.73	       197.14	       238.82	       280.50	       240.23	       282.12
      3.74	       199.54	       241.64	       283.74	       243.07	       285.38
      3.75	       201.97	       244.50	       287.02	       245.93	       288.67
      3.76	       204.43	       247.38	       290.33	       248.84	       292.00
      3.77	       206.92	       250.30	       293.68	       251.78	       295.37
      3.78	       209.44	       253.26	       297.07	       254.75	       298.78
      3.79	       211.99	       256.24	       300.50	       257.75	       302.23
      3.80	       214.56	       259.27	       303.97	       260.79	       305.72
      3.81	       217.17	       262.32	       307.47	       263.87	       309.24
      3.82	       219.81	       265.42	       311.02	       266.98	       312.81
      3.83	       222.48	       268.54	       314.61	       270.12	       316.41
      3.84	       225.18	       271.71	       318.23	       273.30	       320.06
      3.85	       227.92	       274.91	       321.90	       276.52	       323.75
      3.86	       230.68	       278.15	       325.61	       279.78	       327.48
      3.87	       233.48	       281.42	       329.36	       283.07	       331.26
      3.88	       236.31	       284.73	       333.16	       286.40	       335.07
      3.89	       239.17	       288.08	       336.99	       289.78	       338.93
      3.90	       242.07	       291.47	       340.88	       293.19	       342.84
      3.91	       245.00	       294.90	       344.80	       296.63	       346.78
      3.92	       247.97	       298.37	       348.77	       300.12	       350.77
      3.93	       250.97	       301.88	       352.78	       303.65	       354.81
      3.94	       254.01	       305.43	       356.84	       307.22	       358.89
      3.95	       257.08	       309.01	       360.95	       310.82	       363.02
      3.96	       260.19	       312.64	       365.10	       314.48	       367.20
      3.97	       263.33	       316.32	       369.30	       318.17	       371.42
      3.98	       266.51	       320.03	       373.55	       321.91	       375.69
      3.99	       269.73	       323.79	       377.84	       325.68	       380.01
      4.00	       272.99	       327.59	       382.19	       329.51	       384.39
      4.01	       276.28	       331.43	       386.58	       333.38	       388.80
      4.02	       279.62	       335.32	       391.02	       337.29	       393.27
      4.03	       282.99	       339.25	       395.51	       341.25	       397.79
      4.04	       286.40	       343.23	       400.06	       345.25	       402.36
      4.05	       289.86	       347.25	       404.65	       349.29	       406.98
      4.06	       293.35	       351.32	       409.30	       353.39	       411.65
      4.07	       296.88	       355.44	       414.00	       357.53	       416.38
      4.08	       300.46	       359.60	       418.75	       361.71	       421.16
      4.09	       304.08	       363.82	       423.56	       365.95	       425.99
      4.10	       307.74	       368.08	       428.42	       370.23	       430.88
      4.11	       311.44	       372.38	       433.33	       374.57	       435.82
      4.12	       315.18	       376.74	       438.30	       378.95	       440.82
      4.13	       318.97	       381.15	       443.33	       383.38	       445.88
      4.14	       322.81	       385.61	       448.41	       387.87	       450.99
      4.15	       326.69	       390.12	       453.55	       392.40	       456.16
      4.16	       330.61	       394.68	       458.75	       396.99	       461.39
      4.17	       334.58	       399.29	       464.01	       401.63	       466.67
      4.18	       338.60	       403.96	       469.33	       406.33	       472.02
      4.19	       342.66	       408.68	       474.70	       411.07	       477.43
      4.20	       346.77	       413.46	       480.14	       415.88	       482.90
      4.21	       350.93	       418.28	       485.64	       420.73	       488.43
      4.22	       355.14	       423.17	       491.20	       425.64	       494.02
      4.23	       359.39	       428.11	       496.83	       430.61	       499.68
      4.24	       363.70	       433.11	       502.51	       435.64	       505.40
      4.25	       368.05	       438.16	       508.27	       440.72	       511.18
      4.26	       372.46	       443.27	       514.08	       445.86	       517.03
      4.27	       376.92	       448.44	       519.96	       451.06	       522.94
      4.28	       381.43	       453.67	       525.91	       456.32	       528.93
      4.29	       385.99	       458.96	       531.93	       461.64	       534.98
      4.30	       390.61	       464.31	       538.01	       467.02	       541.09
      4.31	       395.28	       469.72	       544.16	       472.46	       547.28
      4.32	       400.01	       475.19	       550.38	       477.97	       553.54
      4.33	       404.79	       480.73	       556.67	       483.53	       559.86
      4.34	       409.62	       486.33	       563.04	       489.17	       566.26
      4.35	       414.51	       491.99	       569.47	       494.86	       572.73
      4.36	       419.46	       497.72	       575.98	       500.62	       579.27
      4.37	       424.47	       503.51	       582.55	       506.45	       585.89
      4.38	       429.53	       509.37	       589.21	       512.34	       592.58
      4.39	       434.65	       515.30	       595.94	       518.30	       599.35
      4.40	       439.84	       521.29	       602.74	       524.33	       606.19
      4.41	       445.08	       527.35	       609.62	       530.42	       613.11
      4.42	       450.39	       533.48	       616.58	       536.59	       620.10
      4.43	       455.75	       539.68	       623.62	       542.83	       627.18
      4.44	       461.18	       545.95	       630.73	       549.13	       634.34
      4.45	       466.67	       552.30	       637.93	       555.51	       641.57
      4.46	       472.23	       558.71	       645.20	       561.97	       648.89
      4.47	       477.85	       565.20	       652.56	       568.49	       656.29
      4.48	       483.53	       571.77	       660.00	       575.09	       663.77
      4.49	       489.28	       578.40	       667.53	       581.77	       671.34
      4.50	       495.10	       585.12	       675.13	       588.52	       678.99
      4.51	       500.98	       591.91	       682.83	       595.35	       686.73
      4.52	       506.94	       598.77	       690.61	       602.25	       694.55
      4.53	       512.96	       605.72	       698.48	       609.24	       702.47
      4.54	       519.05	       612.74	       706.44	       616.30	       710.47
      4.55	       525.22	       619.85	       714.48	       623.45	       718.56
      4.56	       531.45	       627.03	       722.62	       630.68	       726.74
      4.57	       537.76	       634.30	       730.85	       637.98	       735.02
      4.58	       544.14	       641.65	       739.17	       645.38	       743.38
      4.59	       550.59	       649.09	       747.58	       652.85	       751.84
      4.60	       557.12	       656.60	       756.09	       660.41	       760.40
      4.61	       563.72	       664.21	       764.69	       668.06	       769.05
      4.62	       570.40	       671.90	       773.39	       675.80	       777.80
      4.63	       577.16	       679.68	       782.19	       683.62	       786.65
      4.64	       584.00	       687.54	       791.09	       691.53	       795.60
      4.65	       590.91	       695.50	       800.09	       699.53	       804.64
      4.66	       597.91	       703.55	       809.18	       707.62	       813.79
      4.67	       604.98	       711.68	       818.38	       715.81	       823.04
      4.68	       612.14	       719.91	       827.69	       724.08	       832.40
      4.69	       619.38	       728.24	       837.09	       732.46	       841.86
      4.70	       626.71	       736.66	       846.61	       740.92	       851.43
      4.71	       634.12	       745.17	       856.22	       749.49	       861.10
      4.72	       641.61	       753.78	       865.95	       758.15	       870.88
      4.73	       649.19	       762.49	       875.79	       766.90	       880.77
      4.74	       656.86	       771.30	       885.73	       775.76	       890.77
      4.75	       664.62	       780.21	       895.79	       784.72	       900.89
      4.76	       672.47	       789.22	       905.96	       793.78	       911.12
      4.77	       680.41	       798.33	       916.25	       802.94	       921.46
      4.78	       688.43	       807.54	       926.65	       812.21	       931.92
      4.79	       696.56	       816.86	       937.16	       821.58	       942.49
      4.80	       704.77	       826.29	       947.80	       831.06	       953.19
      4.81	       713.08	       835.82	       958.55	       840.65	       964.00
      4.82	       721.49	       845.46	       969.42	       850.34	       974.93
      4.83	       729.99	       855.21	       980.42	       860.15	       985.99
      4.84	       738.59	       865.07	       991.54	       870.06	       997.17
      4.85	       747.30	       875.04	      1002.78	       880.09	      1008.48
      4.86	       756.10	       885.12	      1014.15	       890.23	      1019.91
      4.87	       765.00	       895.32	      1025.64	       900.49	      1031.47
      4.88	       774.00	       905.64	      1037.27	       910.86	      1043.16
      4.89	       783.11	       916.07	      1049.02	       921.35	      1054.98
      4.90	       792.33	       926.62	      1060.91	       931.96	      1066.93
      4.91	       801.65	       937.29	      1072.93	       942.69	      1079.02
      4.92	       811.07	       948.08	      1085.08	       953.55	      1091.24
      4.93	       820.61	       958.99	      1097.37	       964.52	      1103.60
      4.94	       830.25	       970.03	      1109.80	       975.62	      1116.10
      4.95	       840.01	       981.19	      1122.36	       986.84	      1128.73
      4.96	       849.88	       992.47	      1135.07	       998.19	      1141.51
      4.97	       859.86	      1003.89	      1147.92	      1009.67	      1154.43
      4.98	       869.96	      1015.43	      1160.91	      1021.28	      1167.49
      4.99	       880.17	      1027.11	      1174.05	      1033.02	      1180.70
